1.000000 0.999278 0.001565 -1.997171 0.023279
1.100000 0.998445 0.003200 -1.993963 0.041853
1.200000 0.997009 0.005808 -1.988533 0.066302
1.300000 0.994763 0.010090 -1.980234 0.100088
1.400000 0.991393 0.016813 -1.968100 0.144871
1.500000 0.986507 0.026659 -1.951136 0.195094
1.600000 0.979652 0.042946 -1.928309 0.261561
1.700000 0.970177 0.069434 -1.898400 0.347002
1.800000 0.956765 0.111383 -1.859034 0.432529
1.900000 0.938275 0.191427 -1.809347 0.557506
2.000000 0.911289 0.398961 -1.745696 0.723577
2.100000 0.867847 1.053611 -1.661909 0.961274
2.200000 0.776656 5.424974 -1.542717 1.414404
2.269000 0.573376 84.495186 -1.421317 2.257687
2.300000 0.273870 503.274869 -1.355611 2.003750
2.400000 0.023260 68.190493 -1.203395 1.120369
2.500000 0.004858 23.928309 -1.106466 0.848254
2.600000 0.001203 13.290261 -1.028477 0.719609
2.700000 0.004028 9.232546 -0.962878 0.581979
2.800000 0.002752 6.559110 -0.907929 0.502700
2.900000 0.001081 4.579560 -0.859692 0.446341
3.000000 0.002113 3.960484 -0.817226 0.405612
3.100000 0.000206 3.242022 -0.779102 0.358447
3.200000 0.001378 2.661100 -0.744813 0.319616
3.300000 0.000585 2.248092 -0.713788 0.293953
3.400000 0.000071 1.994699 -0.685960 0.267860
3.500000 0.001252 1.741940 -0.660166 0.248352
3.600000 0.000030 1.558213 -0.636046 0.229387
3.700000 0.000512 1.418789 -0.614290 0.207615
3.800000 0.000438 1.282201 -0.593976 0.200611
3.900000 0.000244 1.138579 -0.575125 0.182911
4.000000 0.000147 1.086048 -0.557285 0.170315
