1.000000 0.999285 0.001584 -1.997194 0.023623
1.100000 0.998444 0.003209 -1.993962 0.041595
1.200000 0.997013 0.005739 -1.988551 0.065742
1.300000 0.994773 0.010390 -1.980272 0.103588
1.400000 0.991392 0.016814 -1.968118 0.143481
1.500000 0.986480 0.026570 -1.951017 0.192848
1.600000 0.979597 0.042925 -1.928141 0.259998
1.700000 0.970096 0.065830 -1.898117 0.329702
1.800000 0.956693 0.115047 -1.858951 0.438061
1.900000 0.938577 0.190054 -1.810038 0.562455
2.000000 0.911247 0.387269 -1.745323 0.753359
2.100000 0.869349 0.910352 -1.662607 0.942439
2.200000 0.788547 4.076297 -1.546644 1.406448
2.269000 0.492727 90.244719 -1.408787 2.292729
2.300000 0.435287 66.895304 -1.358624 1.633658
2.400000 0.037516 55.543122 -1.203420 1.149222
2.500000 0.036580 17.200398 -1.103189 0.921044
2.600000 0.010553 14.042344 -1.027900 0.683448
2.700000 0.000384 8.261376 -0.962622 0.593314
2.800000 0.001551 6.488111 -0.907773 0.514569
2.900000 0.001107 4.714493 -0.859658 0.441502
3.000000 0.000122 4.144838 -0.817589 0.390093
3.100000 0.000453 3.115249 -0.779011 0.373693
3.200000 0.001792 2.607276 -0.745608 0.323033
3.300000 0.000844 2.285731 -0.713938 0.285459
3.400000 0.000522 1.931603 -0.686115 0.279323
3.500000 0.000288 1.727091 -0.660316 0.253745
3.600000 0.000029 1.600455 -0.636295 0.227604
3.700000 0.001668 1.374588 -0.614299 0.201566
3.800000 0.000656 1.262134 -0.594010 0.196236
3.900000 0.000119 1.196416 -0.575073 0.184142
4.000000 0.000529 1.079297 -0.557188 0.171142
