1.000000 0.999290 0.001526 -1.997217 0.022723
1.100000 0.998458 0.003163 -1.994007 0.041455
1.200000 0.997011 0.005682 -1.988540 0.064936
1.300000 0.994753 0.010190 -1.980211 0.100578
1.400000 0.991413 0.017032 -1.968183 0.146588
1.500000 0.986429 0.027409 -1.950898 0.198408
1.600000 0.979609 0.042226 -1.928197 0.258998
1.700000 0.970094 0.069766 -1.898168 0.347942
1.800000 0.956712 0.117110 -1.859084 0.440327
1.900000 0.938366 0.188976 -1.809691 0.547213
2.000000 0.911875 0.361526 -1.746298 0.703670
2.100000 0.866967 0.971125 -1.659892 0.957349
2.200000 0.786492 3.748346 -1.546187 1.376968
2.269000 0.427972 289.598244 -1.404931 3.088173
2.300000 0.093742 341.780783 -1.335400 1.671645
2.400000 0.027465 49.157397 -1.203079 1.082294
2.500000 0.014199 13.177318 -1.101272 0.818182
2.600000 0.008718 12.424480 -1.027736 0.715981
2.700000 0.005999 9.277137 -0.963390 0.612678
2.800000 0.000500 6.235877 -0.908440 0.523016
2.900000 0.005417 4.554966 -0.860397 0.456898
3.000000 0.001253 3.852361 -0.817449 0.390871
3.100000 0.003067 3.005379 -0.779654 0.364535
3.200000 0.000023 2.597714 -0.745347 0.329513
3.300000 0.001242 2.306751 -0.713759 0.295214
3.400000 0.000312 2.018369 -0.686072 0.273810
3.500000 0.000524 1.783106 -0.660162 0.256793
3.600000 0.000746 1.505824 -0.636089 0.234508
3.700000 0.000413 1.399995 -0.614622 0.207943
3.800000 0.000885 1.260873 -0.594052 0.195664
3.900000 0.000393 1.159291 -0.574561 0.183352
4.000000 0.000178 1.035865 -0.557359 0.171581
